0.0000  0.1000
0.1000  0.0000
0.0707  0.0707
0.0577  0.0816
0.0816  0.0577
0.0447  0.0894
0.0894  0.0447
0.0000  0.2000
0.2000  0.0000
0.1414  0.1414
0.1155  0.1633
0.1633  0.1155
0.0894  0.1789
0.1789  0.0894
0.0000  0.4000
0.4000  0.0000
0.2828  0.2828
0.2309  0.3266
0.3266  0.2309
0.1789  0.3578
0.3578  0.1789
0.0000  0.8000
0.8000  0.0000
0.5657  0.5657
0.4619  0.6532
0.6532  0.4619
0.3578  0.7155
0.7155  0.3578
0.0000  1.6000
1.6000  0.0000
1.1314  1.1314
0.9238  1.3064
1.3064  0.9238
0.7155  1.4311
1.4311  0.7155
